56.00734329223633 51.05482864379883 61.348045349121094
56.008094787597656 51.0539436340332 56.3479118347168
56.00668716430664 51.055171966552734 51.3503532409668
56.00822067260742 51.05610656738281 46.34833526611328
56.005619049072266 51.05074691772461 41.411258697509766
55.98286056518555 51.000633239746094 37.4086799621582
55.91886901855469 50.875144958496094 34.7599983215332
55.87549591064453 50.68169403076172 33.32304000854492
55.842124938964844 50.44554138183594 32.820106506347656
55.81130599975586 50.193111419677734 32.849403381347656
55.7829475402832 49.968833923339844 33.094730377197266
55.77058792114258 49.786590576171875 33.44799041748047
55.794071197509766 49.63558578491211 33.81315612792969
55.83163070678711 49.51874923706055 34.161067962646484
55.86893844604492 49.412052154541016 34.494930267333984
55.91709518432617 49.31966018676758 34.82246780395508
55.97025680541992 49.242469787597656 35.12912368774414
56.00748062133789 49.18183517456055 35.40607452392578
56.03947067260742 49.1307487487793 35.63836669921875
56.070091247558594 49.090389251708984 35.83659362792969
56.10080337524414 49.0496711730957 36.006744384765625
56.13298416137695 49.01180648803711 36.14665222167969
56.16335678100586 48.975196838378906 36.248573303222656
56.19182586669922 48.94036865234375 36.32622528076172
56.231021881103516 48.901676177978516 36.379234313964844
56.273529052734375 48.85395812988281 36.425804138183594
56.304237365722656 48.80253982543945 36.4805908203125
56.329471588134766 48.74827575683594 36.53057861328125
56.35228729248047 48.683441162109375 36.59455490112305
56.37530517578125 48.61576461791992 36.667320251464844
56.40242385864258 48.543922424316406 36.77570343017578
56.433143615722656 48.467918395996094 36.88350296020508
56.46593475341797 48.389503479003906 36.98682403564453
56.492610931396484 48.3165397644043 37.073326110839844
56.507179260253906 48.24277877807617 37.16543197631836
56.50924301147461 48.16685485839844 37.25616455078125
56.49984359741211 48.08824157714844 37.34861373901367
56.47813415527344 48.002952575683594 37.44876480102539
56.44410705566406 47.92363357543945 37.53045654296875
56.402400970458984 47.84761047363281 37.605369567871094
56.353431701660156 47.78084945678711 37.672428131103516
56.29462432861328 47.712852478027344 37.74880599975586
56.24147033691406 47.64706802368164 37.81472396850586
56.188716888427734 47.58277130126953 37.869869232177734
56.13587188720703 47.51939010620117 37.91138458251953
56.07831954956055 47.452938079833984 37.96106719970703
56.012420654296875 47.37791442871094 38.0373420715332
55.93595886230469 47.30308532714844 38.14038848876953
55.85494613647461 47.225589752197266 38.23788833618164
55.77769088745117 47.15520095825195 38.32618713378906
55.70783233642578 47.07717514038086 38.414207458496094
55.649330139160156 46.99101638793945 38.517093658447266
55.59840393066406 46.89790725708008 38.62275314331055
55.553035736083984 46.80158233642578 38.74463653564453
55.50971603393555 46.70221710205078 38.87228775024414
55.477561950683594 46.608089447021484 39.0191535949707
55.449127197265625 46.514286041259766 39.18333053588867
55.423606872558594 46.417503356933594 39.36354064941406
55.40256881713867 46.32817077636719 39.52602005004883
55.38444519042969 46.24772262573242 39.66827392578125
55.35830307006836 46.16786575317383 39.80765914916992
55.336483001708984 46.08708190917969 39.92166519165039
55.31009292602539 45.9987907409668 40.020179748535156
55.28215026855469 45.91352081298828 40.07777404785156
55.24885559082031 45.834556579589844 40.11972427368164
55.219390869140625 45.75841522216797 40.17778778076172
55.190948486328125 45.688194274902344 40.22397232055664
55.162967681884766 45.62070083618164 40.243717193603516
55.141319274902344 45.55460739135742 40.26913833618164
55.124446868896484 45.491390228271484 40.30741500854492
55.11251449584961 45.429473876953125 40.339542388916016
55.09515380859375 45.36735153198242 40.34151077270508
55.07712936401367 45.31061553955078 40.30596160888672
55.060611724853516 45.25384521484375 40.23615646362305
55.04316329956055 45.19831085205078 40.169525146484375
55.02477264404297 45.14414596557617 40.13029479980469
55.003822326660156 45.08982849121094 40.120784759521484
54.98142623901367 45.0379638671875 40.1365852355957
54.958885192871094 44.990726470947266 40.160953521728516
54.94340515136719 44.94219207763672 40.20412063598633
54.928043365478516 44.90138244628906 40.2720947265625
54.916770935058594 44.86895751953125 40.337684631347656
54.90593338012695 44.840301513671875 40.38783264160156
54.901275634765625 44.81723403930664 40.43561553955078
54.907649993896484 44.79322052001953 40.48595428466797
54.913124084472656 44.77347183227539 40.522674560546875
54.914215087890625 44.75041961669922 40.57827377319336
54.92515563964844 44.73296356201172 40.66880416870117
54.947052001953125 44.713626861572266 40.771724700927734
54.96875 44.69937515258789 40.87741470336914
54.98679733276367 44.688785552978516 41.020572662353516
55.002132415771484 44.6789665222168 41.17062759399414
55.01454162597656 44.67237854003906 41.3126220703125
55.02250671386719 44.66830825805664 41.434326171875
55.03042984008789 44.670982360839844 41.537025451660156
55.034244537353516 44.6800422668457 41.618316650390625
55.039554595947266 44.68342971801758 41.69209671020508
55.046451568603516 44.68720626831055 41.75101852416992
55.05498504638672 44.69206237792969 41.80847930908203
55.06336975097656 44.698577880859375 41.87224578857422
55.08042907714844 44.703067779541016 41.94760513305664
55.09794235229492 44.71159362792969 42.0213623046875
55.11677932739258 44.71703338623047 42.08469772338867
55.13344955444336 44.72477722167969 42.134727478027344
55.150238037109375 44.73305892944336 42.20476531982422
55.16129684448242 44.74055862426758 42.2934455871582
55.17134094238281 44.7474479675293 42.3885498046875
55.1788444519043 44.752891540527344 42.486610412597656
55.178955078125 44.75040054321289 42.58974075317383
55.18084716796875 44.75251388549805 42.68593978881836
55.185142517089844 44.755008697509766 42.77490234375
55.187774658203125 44.76069641113281 42.85971450805664
55.192222595214844 44.76821517944336 42.938270568847656
55.1984977722168 44.7774658203125 43.022850036621094
55.20335388183594 44.785926818847656 43.08905029296875
55.2061882019043 44.798622131347656 43.14201736450195
55.20634078979492 44.82089614868164 43.20167541503906
55.207801818847656 44.850948333740234 43.2486686706543
55.210296630859375 44.88140869140625 43.27635955810547
55.21748352050781 44.91227722167969 43.30510330200195
55.22663879394531 44.944095611572266 43.33417510986328
55.23512268066406 44.98235321044922 43.35561752319336
55.24265670776367 45.019996643066406 43.373260498046875
55.25272750854492 45.05879211425781 43.398956298828125
55.25840377807617 45.10113525390625 43.42321014404297
55.26220703125 45.1443977355957 43.447265625
55.26593017578125 45.191036224365234 43.474124908447266
55.270172119140625 45.23128128051758 43.505252838134766
55.270965576171875 45.2702751159668 43.54981231689453
55.274539947509766 45.29988479614258 43.62530517578125
55.28112030029297 45.322723388671875 43.706329345703125
55.28831100463867 45.33820724487305 43.79704284667969
55.29136657714844 45.34994888305664 43.88755416870117
55.29399108886719 45.37130355834961 43.97975158691406
55.296627044677734 45.39994430541992 44.06838607788086
55.30036544799805 45.436588287353516 44.15743637084961
55.30309295654297 45.4722900390625 44.246192932128906
55.29766845703125 45.50537109375 44.334774017333984
55.29487228393555 45.54270553588867 44.42893600463867
55.29214096069336 45.57201385498047 44.52887725830078
55.29147720336914 45.61012268066406 44.628570556640625
55.29118728637695 45.64324188232422 44.71602249145508
55.29017639160156 45.67841720581055 44.796749114990234
55.28805160522461 45.71306228637695 44.87803649902344
55.28738784790039 45.74736785888672 44.954742431640625
55.28422546386719 45.78180694580078 45.01999282836914
55.28068923950195 45.8216552734375 45.07707595825195
55.27827072143555 45.861534118652344 45.12897872924805
55.2735595703125 45.902130126953125 45.161460876464844
55.267478942871094 45.94287872314453 45.17778015136719
55.260986328125 45.98390579223633 45.18686294555664
55.25638198852539 46.025901794433594 45.18196105957031
55.25577163696289 46.071624755859375 45.16292190551758
55.25740432739258 46.12068176269531 45.1405143737793
55.2583122253418 46.166629791259766 45.118385314941406
55.25591278076172 46.21137237548828 45.09357452392578
55.2523078918457 46.250728607177734 45.05470275878906
55.24937057495117 46.29499435424805 45.010196685791016
55.2501220703125 46.33815383911133 44.96706771850586
55.25400924682617 46.387847900390625 44.92861557006836
55.26194763183594 46.432899475097656 44.872154235839844
55.274200439453125 46.48203659057617 44.81077194213867
55.287330627441406 46.53434371948242 44.74584197998047
55.30708694458008 46.57624816894531 44.693058013916016
55.3251838684082 46.6225471496582 44.65597915649414
55.34426498413086 46.668067932128906 44.614471435546875
55.36676788330078 46.70882034301758 44.607215881347656
55.391300201416016 46.74406051635742 44.62968826293945
55.41171646118164 46.77708435058594 44.6502571105957
55.42623519897461 46.80377960205078 44.67013168334961
55.43345642089844 46.83295440673828 44.674720764160156
55.444541931152344 46.85934829711914 44.679107666015625
55.456787109375 46.89423751831055 44.677486419677734
55.46620178222656 46.92775344848633 44.68745803833008
55.470401763916016 46.96003341674805 44.6916389465332
55.472198486328125 46.99505615234375 44.66957473754883
55.47653579711914 47.02857971191406 44.63475036621094
55.479942321777344 47.05771255493164 44.59585189819336
55.482818603515625 47.08189392089844 44.56814956665039
55.484134674072266 47.10163879394531 44.55824661254883
55.485679626464844 47.11521911621094 44.560829162597656
55.48724365234375 47.12763595581055 44.56149673461914
55.4918212890625 47.13905715942383 44.55644607543945
55.496910095214844 47.15755081176758 44.53691864013672
55.495704650878906 47.17501449584961 44.51383972167969
55.489105224609375 47.194549560546875 44.50983810424805
55.47949981689453 47.20704650878906 44.52130126953125
55.473365783691406 47.21274948120117 44.54519271850586
55.46931076049805 47.215335845947266 44.54885482788086
55.463951110839844 47.217742919921875 44.54550552368164
55.46184539794922 47.221431732177734 44.53704833984375
55.45830154418945 47.22748565673828 44.533355712890625
55.45586395263672 47.233089447021484 44.538658142089844
55.4534912109375 47.233299255371094 44.54909896850586
55.446449279785156 47.22267150878906 44.55423355102539
55.438079833984375 47.20566177368164 44.55470657348633
55.42924118041992 47.188514709472656 44.54384994506836
55.430171966552734 47.1702995300293 44.53009033203125
55.432403564453125 47.147621154785156 44.528011322021484
55.432594299316406 47.125606536865234 44.53753662109375
55.425750732421875 47.110252380371094 44.55290603637695
55.41344451904297 47.11099624633789 44.57906723022461
55.39738845825195 47.121002197265625 44.58826446533203
55.37480163574219 47.142921447753906 44.582122802734375
55.343753814697266 47.16661834716797 44.591529846191406
55.30751037597656 47.19631576538086 44.625144958496094
55.26777267456055 47.23181915283203 44.67632293701172
55.241085052490234 47.26712417602539 44.73993682861328
55.215965270996094 47.28829574584961 44.810943603515625
55.196136474609375 47.30743408203125 44.890384674072266
55.1882438659668 47.31962585449219 44.97661209106445
55.195899963378906 47.330936431884766 45.04876708984375
55.20880126953125 47.3431282043457 45.11365509033203
55.223388671875 47.34719467163086 45.162750244140625
55.24189758300781 47.34329605102539 45.20844650268555
55.2711296081543 47.33712387084961 45.2559700012207
55.30718994140625 47.33138656616211 45.291255950927734
55.346893310546875 47.32239532470703 45.32929611206055
55.389522552490234 47.31128692626953 45.363304138183594
55.4313850402832 47.29042434692383 45.385398864746094
55.47916030883789 47.27300262451172 45.40091323852539
55.521453857421875 47.254825592041016 45.404754638671875
55.5582160949707 47.23641586303711 45.42136001586914
55.59599304199219 47.22004318237305 45.4409065246582
55.631256103515625 47.19857406616211 45.4630241394043
55.66627502441406 47.179386138916016 45.48720169067383
55.698543548583984 47.1616325378418 45.505897521972656
55.728485107421875 47.13553237915039 45.52647399902344
55.76005172729492 47.10759353637695 45.54469299316406
55.786075592041016 47.077335357666016 45.54230880737305
55.81511306762695 47.04765701293945 45.5291748046875
55.84096908569336 47.01422119140625 45.51459503173828
55.86928939819336 46.97978973388672 45.50297927856445
55.899375915527344 46.94474411010742 45.49197006225586
55.93087387084961 46.91197204589844 45.47412109375
55.96247482299805 46.874900817871094 45.46134567260742
55.989288330078125 46.83653259277344 45.44757080078125
56.01304626464844 46.79481506347656 45.426307678222656
56.032196044921875 46.74946975708008 45.38813018798828
56.05339431762695 46.70100021362305 45.33842468261719
56.06658172607422 46.646236419677734 45.28461456298828
56.079994201660156 46.58768081665039 45.25492477416992
56.09111022949219 46.532386779785156 45.22919464111328
56.10245132446289 46.471893310546875 45.192256927490234
56.11268615722656 46.412357330322266 45.15156555175781
56.11636734008789 46.356224060058594 45.13328170776367
56.12541961669922 46.29654312133789 45.122745513916016
56.129581451416016 46.23678970336914 45.1314811706543
56.13223648071289 46.17619323730469 45.13935852050781
56.13312911987305 46.11659240722656 45.165740966796875
56.129486083984375 46.05073547363281 45.21705627441406
56.125587463378906 45.98500061035156 45.28315734863281
56.118961334228516 45.92292785644531 45.35456085205078
56.11490249633789 45.85885238647461 45.412994384765625
56.1062126159668 45.79801940917969 45.46198272705078
56.10214614868164 45.73908233642578 45.5079345703125
56.098045349121094 45.68923568725586 45.55586242675781
56.0949592590332 45.640262603759766 45.6315803527832
56.08490753173828 45.591453552246094 45.70888900756836
56.07170104980469 45.54908752441406 45.785003662109375
56.058650970458984 45.51058578491211 45.84437942504883
56.047489166259766 45.475067138671875 45.877708435058594
56.032047271728516 45.44033432006836 45.88913345336914
56.01884460449219 45.407249450683594 45.88607406616211
56.01090621948242 45.37834930419922 45.874393463134766
56.00162887573242 45.34349060058594 45.85695266723633
55.989322662353516 45.309696197509766 45.85258102416992
55.985496520996094 45.274295806884766 45.86490249633789
55.98139572143555 45.23963165283203 45.88734817504883
55.977508544921875 45.20863342285156 45.91169738769531
55.97296142578125 45.17718505859375 45.93340301513672
55.963260650634766 45.14735412597656 45.969818115234375
55.954811096191406 45.11463165283203 46.01388168334961
55.94157409667969 45.08927917480469 46.05924987792969
55.92494583129883 45.062652587890625 46.10221481323242
55.902957916259766 45.03753662109375 46.14165115356445
55.87736892700195 45.0140380859375 46.1798095703125
55.85163116455078 44.99444580078125 46.20980453491211
55.82863998413086 44.97178649902344 46.240379333496094
55.799503326416016 44.95043182373047 46.2897834777832
55.768516540527344 44.92869567871094 46.336910247802734
55.737186431884766 44.90583419799805 46.379249572753906
55.70805358886719 44.88546371459961 46.40998077392578
55.67735290527344 44.86372756958008 46.42852020263672
55.643882751464844 44.84423828125 46.42990493774414
55.61415481567383 44.824256896972656 46.42789840698242
55.58319854736328 44.80213165283203 46.41734313964844
55.55739212036133 44.78042221069336 46.411869049072266
55.53427505493164 44.756629943847656 46.40252685546875
55.51617431640625 44.734825134277344 46.39591979980469
55.49893569946289 44.715763092041016 46.3817138671875
55.48180389404297 44.69873046875 46.35177230834961
55.46659851074219 44.679954528808594 46.31169509887695
55.453590393066406 44.66317367553711 46.25614547729492
55.43666076660156 44.64641571044922 46.19700241088867
55.418025970458984 44.633750915527344 46.13963317871094
55.40135955810547 44.63147735595703 46.078617095947266
55.383548736572266 44.62921905517578 46.01408767700195
55.36637496948242 44.63197708129883 45.94607162475586
55.353736877441406 44.63483810424805 45.885353088378906
55.350830078125 44.642921447753906 45.83036422729492
55.347991943359375 44.65754318237305 45.78750991821289
55.35109329223633 44.67023849487305 45.763832092285156
55.371795654296875 44.6805305480957 45.762718200683594
55.39297103881836 44.69117736816406 45.76298141479492
55.41474914550781 44.70376205444336 45.76101303100586
55.43449401855469 44.714012145996094 45.75200653076172
55.45751190185547 44.72966384887695 45.75741958618164
55.477481842041016 44.74741744995117 45.76905059814453
55.49592971801758 44.76875686645508 45.79634475708008
55.509647369384766 44.79133224487305 45.824745178222656
55.524173736572266 44.81071090698242 45.85908508300781
55.53410720825195 44.83150100708008 45.90629577636719
55.54533004760742 44.85469436645508 45.95993423461914
55.551639556884766 44.87648010253906 46.02876281738281
55.55506896972656 44.89366149902344 46.09737777709961
55.56109619140625 44.91801834106445 46.14695739746094
55.565914154052734 44.94745635986328 46.186119079589844
55.5762939453125 44.976783752441406 46.23956298828125
55.583003997802734 45.0064811706543 46.2869987487793
55.59543991088867 45.03604507446289 46.33742904663086
55.60784149169922 45.0752067565918 46.406402587890625
55.62455368041992 45.115631103515625 46.472320556640625
55.639686584472656 45.15644073486328 46.53212356567383
55.65483856201172 45.200069427490234 46.58257293701172
55.66923141479492 45.23701095581055 46.61985397338867
55.68803787231445 45.27168273925781 46.65149688720703
55.7073974609375 45.301273345947266 46.689151763916016
55.72865676879883 45.3306999206543 46.73025131225586
55.753631591796875 45.35954284667969 46.76307678222656
55.778568267822266 45.38404846191406 46.79248809814453
55.80826950073242 45.41398620605469 46.824642181396484
55.84722137451172 45.44399642944336 46.847259521484375
55.88017272949219 45.47505569458008 46.8818473815918
55.915836334228516 45.506568908691406 46.916534423828125
55.94794464111328 45.538368225097656 46.9542121887207
55.97886276245117 45.57135772705078 46.9840087890625
56.00602340698242 45.60839080810547 47.00973892211914
56.035335540771484 45.64165115356445 47.027442932128906
56.062469482421875 45.68216323852539 47.0311164855957
56.09032440185547 45.72385787963867 47.01982498168945
56.119651794433594 45.769161224365234 46.98762893676758
56.14628219604492 45.8122444152832 46.944820404052734
56.17451858520508 45.85642623901367 46.89089584350586
56.2044563293457 45.90456771850586 46.84590148925781
56.233177185058594 45.95119857788086 46.79896926879883
56.2571907043457 45.99457550048828 46.748199462890625
56.27779769897461 46.0417594909668 46.69837188720703
56.29862976074219 46.08966827392578 46.656715393066406
56.31650161743164 46.133697509765625 46.616676330566406
56.33314895629883 46.18473815917969 46.57774353027344
56.354732513427734 46.23436737060547 46.54346466064453
56.37547302246094 46.28949737548828 46.490875244140625
56.400413513183594 46.34287643432617 46.42374801635742
56.42194366455078 46.405399322509766 46.358211517333984
56.4514274597168 46.46023178100586 46.29139709472656
56.47795104980469 46.51425552368164 46.233882904052734
56.509002685546875 46.5666618347168 46.16862487792969
56.53855514526367 46.61709976196289 46.09751510620117
56.56128692626953 46.661441802978516 46.0469856262207
56.58510971069336 46.70461654663086 46.0166015625
56.608795166015625 46.74810791015625 46.006980895996094
56.632259368896484 46.79156494140625 46.00654983520508
56.655975341796875 46.838768005371094 45.996376037597656
56.68297576904297 46.87856674194336 45.989646911621094
56.709835052490234 46.92206954956055 45.95698547363281
56.7346305847168 46.96574020385742 45.933345794677734
56.761558532714844 47.0101318359375 45.90371322631836
56.79024124145508 47.05592727661133 45.868621826171875
56.819488525390625 47.10358428955078 45.8275260925293
56.852596282958984 47.146236419677734 45.784507751464844
56.87761688232422 47.191768646240234 45.7349967956543
56.90312194824219 47.23058319091797 45.68519973754883
56.9300422668457 47.27155303955078 45.621273040771484
56.952171325683594 47.309242248535156 45.563743591308594
56.97126007080078 47.352622985839844 45.50034713745117
56.987892150878906 47.394832611083984 45.420875549316406
57.00715637207031 47.43470001220703 45.33470153808594
57.020904541015625 47.48241424560547 45.24588394165039
57.04019546508789 47.52650833129883 45.14902877807617
57.05330276489258 47.57274627685547 45.04344177246094
57.069278717041016 47.61580276489258 44.92429733276367
57.088993072509766 47.660179138183594 44.795467376708984
57.10700988769531 47.7025032043457 44.67646408081055
57.132747650146484 47.734859466552734 44.589378356933594
57.15993118286133 47.77102279663086 44.52554702758789
57.17577362060547 47.799163818359375 44.472042083740234
57.18815231323242 47.83279037475586 44.44227600097656
57.21044158935547 47.861690521240234 44.425418853759766
57.233646392822266 47.885215759277344 44.41519546508789
57.25742721557617 47.90680694580078 44.403541564941406
57.29090881347656 47.92803955078125 44.39371871948242
57.32992172241211 47.94519805908203 44.39701843261719
57.371803283691406 47.96084976196289 44.413780212402344
57.405521392822266 47.97096633911133 44.424598693847656
57.4455451965332 47.9780158996582 44.446746826171875
57.483577728271484 47.98527526855469 44.523765563964844
57.513526916503906 48.000099182128906 44.627235412597656
57.54426956176758 48.017822265625 44.74309539794922
57.5734977722168 48.03038024902344 44.853912353515625
57.603111267089844 48.05152130126953 44.946842193603516
57.62507629394531 48.066261291503906 45.03363037109375
57.64162063598633 48.088233947753906 45.11397933959961
57.657981872558594 48.11238098144531 45.1903190612793
57.67652130126953 48.14285659790039 45.27223205566406
57.69054412841797 48.1768798828125 45.349674224853516
57.70220184326172 48.213531494140625 45.42231369018555
57.7093391418457 48.252708435058594 45.50125503540039
57.71186828613281 48.28886795043945 45.5716667175293
57.71184158325195 48.32500076293945 45.64885711669922
57.70682144165039 48.361759185791016 45.71551513671875
57.700828552246094 48.40226745605469 45.767234802246094
57.689029693603516 48.44087219238281 45.81218338012695
57.673622131347656 48.4846076965332 45.85129165649414
57.653385162353516 48.52792739868164 45.89725112915039
57.632957458496094 48.5709342956543 45.97890853881836
57.61594009399414 48.61259841918945 46.074981689453125
57.59367752075195 48.66808319091797 46.1704216003418
57.5645866394043 48.72584533691406 46.25797653198242
57.5411376953125 48.79136657714844 46.336421966552734
57.51414489746094 48.84968185424805 46.414485931396484
57.48419952392578 48.90966033935547 46.49607467651367
57.45718765258789 48.97124099731445 46.58058547973633
57.42644500732422 49.02983093261719 46.671165466308594
57.395530700683594 49.091548919677734 46.75111770629883
57.36634826660156 49.15296173095703 46.83466720581055
57.3387451171875 49.215171813964844 46.9022102355957
57.302371978759766 49.280303955078125 46.95880889892578
57.27232360839844 49.346397399902344 46.99745559692383
57.243839263916016 49.41189193725586 47.03104782104492
57.21611404418945 49.47108840942383 47.08200454711914
57.188968658447266 49.527183532714844 47.13304138183594
57.16392517089844 49.583683013916016 47.18890380859375
57.13990020751953 49.641658782958984 47.23957824707031
57.11161422729492 49.699745178222656 47.29359817504883
57.08787536621094 49.75409698486328 47.34743881225586
57.062191009521484 49.808292388916016 47.41328048706055
57.03826904296875 49.855892181396484 47.471832275390625
57.014129638671875 49.907894134521484 47.526878356933594
56.98990249633789 49.963714599609375 47.57176971435547
56.96430206298828 50.01945114135742 47.620460510253906
56.94258499145508 50.06752014160156 47.67681121826172
56.923770904541016 50.11565399169922 47.74629211425781
56.91093826293945 50.16090393066406 47.820133209228516
56.89845657348633 50.200775146484375 47.88563537597656
56.88907241821289 50.239349365234375 47.94891357421875
56.878360748291016 50.27644729614258 47.99514389038086
56.870689392089844 50.314579010009766 48.034725189208984
56.85710144042969 50.35060119628906 48.06609344482422
56.84307098388672 50.390567779541016 48.10247802734375
56.8267707824707 50.427879333496094 48.14423370361328
56.80895233154297 50.472625732421875 48.181941986083984
56.790645599365234 50.51548767089844 48.23379898071289
56.76940155029297 50.56269454956055 48.284488677978516
56.74885940551758 50.611690521240234 48.33548355102539
56.73313903808594 50.653099060058594 48.39021682739258
56.716766357421875 50.69260025024414 48.43999481201172
56.7003288269043 50.72661209106445 48.49702835083008
56.67932891845703 50.76004409790039 48.549198150634766
56.65586853027344 50.78864669799805 48.58418273925781
56.636566162109375 50.81945037841797 48.604190826416016
56.608238220214844 50.8526611328125 48.6136360168457
56.58671951293945 50.88550567626953 48.6124267578125
56.5662727355957 50.918216705322266 48.59767532348633
56.543853759765625 50.95368576049805 48.587982177734375
56.5176887512207 50.98556137084961 48.579689025878906
56.4928092956543 51.01519775390625 48.585872650146484
56.46460723876953 51.048160552978516 48.60291290283203
56.433135986328125 51.080265045166016 48.61853790283203
56.40217971801758 51.110992431640625 48.64445877075195
56.37383270263672 51.148685455322266 48.67249298095703
56.34636688232422 51.1787223815918 48.693389892578125
56.3202018737793 51.208412170410156 48.695621490478516
56.30215072631836 51.2380485534668 48.70638656616211
56.285186767578125 51.265869140625 48.720706939697266
56.26764678955078 51.297393798828125 48.732242584228516
56.25615692138672 51.33024215698242 48.733795166015625
56.23903274536133 51.362667083740234 48.74445343017578
56.217369079589844 51.39405822753906 48.74541091918945
56.19577407836914 51.430206298828125 48.748233795166016
56.17768859863281 51.46300506591797 48.75410079956055
56.16464614868164 51.49789810180664 48.750240325927734
56.14809799194336 51.5289306640625 48.74580383300781
56.13294219970703 51.56023025512695 48.74556350708008
56.11155319213867 51.590091705322266 48.75766372680664
56.088897705078125 51.61885452270508 48.7703971862793
56.06865310668945 51.646827697753906 48.76898956298828
56.04948806762695 51.666080474853516 48.77442932128906
56.02085494995117 51.68561553955078 48.780677795410156
55.99713897705078 51.703304290771484 48.77737808227539
55.97489929199219 51.721893310546875 48.774837493896484
55.95496368408203 51.73952865600586 48.78512191772461
55.932952880859375 51.752410888671875 48.80793380737305
55.91326904296875 51.76662826538086 48.82756423950195
55.89199447631836 51.780879974365234 48.829185485839844
55.86967849731445 51.794490814208984 48.81753158569336
55.84685516357422 51.81350326538086 48.79737854003906
55.8265266418457 51.831932067871094 48.78286361694336
55.801761627197266 51.847633361816406 48.77516555786133
55.7774772644043 51.86434555053711 48.75643539428711
55.761505126953125 51.87803649902344 48.749778747558594
55.73993682861328 51.89045715332031 48.747589111328125
55.72340393066406 51.9043083190918 48.73899841308594
55.70584487915039 51.91500473022461 48.7196044921875
55.68745040893555 51.93172073364258 48.69194412231445
55.667545318603516 51.94483184814453 48.66102600097656
55.643821716308594 51.95964050292969 48.63995361328125
55.61859130859375 51.9739990234375 48.625099182128906
55.592864990234375 51.98733139038086 48.60885238647461
55.564964294433594 52.00440216064453 48.578147888183594
55.537689208984375 52.023677825927734 48.53997802734375
55.506187438964844 52.03876495361328 48.49320983886719
55.47013473510742 52.05897903442383 48.44248962402344
55.433101654052734 52.078426361083984 48.377479553222656
55.39615249633789 52.099971771240234 48.305606842041016
55.36329650878906 52.1197624206543 48.22697448730469
55.331581115722656 52.139869689941406 48.15308380126953
55.297080993652344 52.162620544433594 48.076656341552734
55.26179122924805 52.18062973022461 48.01339340209961
55.22936248779297 52.20436096191406 47.970455169677734
55.19942092895508 52.23213195800781 47.938743591308594
55.172271728515625 52.25858688354492 47.91311264038086
55.152679443359375 52.27363204956055 47.8957405090332
55.12767791748047 52.28104782104492 47.88774871826172
55.10308074951172 52.274288177490234 47.9039306640625
55.07826614379883 52.27019119262695 47.91875076293945
55.053524017333984 52.270263671875 47.93771743774414
55.03117370605469 52.268898010253906 47.96341323852539
55.00809097290039 52.27650833129883 47.986595153808594
54.98431396484375 52.28704071044922 48.01235580444336
54.96067428588867 52.29644775390625 48.03245544433594
54.9337043762207 52.31039810180664 48.03883361816406
54.91038513183594 52.32061767578125 48.037601470947266
54.883636474609375 52.33692169189453 48.023765563964844
54.86086654663086 52.351810455322266 48.0046501159668
54.834075927734375 52.36479949951172 47.97221374511719
54.80868148803711 52.38108444213867 47.928524017333984
54.78156661987305 52.39791488647461 47.87562942504883
54.7490234375 52.415714263916016 47.811866760253906
54.71552658081055 52.43968963623047 47.76219177246094
54.68538284301758 52.46433639526367 47.721439361572266
54.65910720825195 52.49007797241211 47.68421173095703
54.63212585449219 52.50979995727539 47.646053314208984
54.60554504394531 52.53271484375 47.617977142333984
54.57530212402344 52.55488586425781 47.57471466064453
54.54737854003906 52.578060150146484 47.51982879638672
54.52402877807617 52.606529235839844 47.46510696411133
54.494319915771484 52.634986877441406 47.41974639892578
54.461463928222656 52.66563034057617 47.36398696899414
54.41679382324219 52.69131088256836 47.3203010559082
54.37358093261719 52.717498779296875 47.27409362792969
54.33140182495117 52.743526458740234 47.229061126708984
54.289798736572266 52.768741607666016 47.1765022277832
54.246429443359375 52.79624557495117 47.12179946899414
54.192508697509766 52.81882095336914 47.084136962890625
54.13077163696289 52.84270095825195 47.0738525390625
54.07077407836914 52.85991287231445 47.080596923828125
54.01256561279297 52.87995910644531 47.08949279785156
53.955078125 52.89671325683594 47.0973014831543
53.89789581298828 52.908905029296875 47.11695861816406
53.8392219543457 52.91845703125 47.143829345703125
53.785884857177734 52.9266242980957 47.179100036621094
53.731651306152344 52.93689727783203 47.2192268371582
53.67852783203125 52.9468994140625 47.25841522216797
53.61759948730469 52.95885467529297 47.29563903808594
53.56279373168945 52.96747589111328 47.32426452636719
53.50339889526367 52.97831344604492 47.35563278198242
53.44579315185547 52.99220657348633 47.388031005859375
53.3884391784668 53.00575637817383 47.4249267578125
53.329010009765625 53.01693344116211 47.477020263671875
53.26924133300781 53.03463363647461 47.55623245239258
53.20893096923828 53.0406494140625 47.636226654052734
53.145233154296875 53.04273223876953 47.711246490478516
53.0861701965332 53.04230880737305 47.811641693115234
53.02374267578125 53.0404167175293 47.919559478759766
52.9664192199707 53.0400390625 48.023258209228516
52.90590286254883 53.03446960449219 48.12088394165039
52.85115432739258 53.032989501953125 48.23127365112305
52.79705047607422 53.03010559082031 48.34458923339844
52.744049072265625 53.02302932739258 48.4443359375
52.68680953979492 53.02207565307617 48.53831481933594
52.629966735839844 53.020450592041016 48.62491989135742
52.565189361572266 53.017826080322266 48.705223083496094
52.49799346923828 53.01547622680664 48.7921028137207
52.42857360839844 53.008766174316406 48.8797607421875
52.36219787597656 53.00222396850586 48.95565414428711
52.2943115234375 52.9904670715332 49.034332275390625
52.228515625 52.97671890258789 49.09627151489258
52.16398620605469 52.967445373535156 49.15072250366211
52.09938430786133 52.95804977416992 49.195438385009766
52.040130615234375 52.95319747924805 49.230438232421875
52.050907135009766 52.94384765625 49.26100158691406
51.98746109008789 52.929683685302734 49.28633117675781
51.98746109008789 52.929683685302734 49.28633117675781
