45.2462
40.2462
35.2486
30.2466
25.3094
21.3048
18.6505
17.2097
16.7039
16.7305
16.9733
17.3255
17.6928
18.0439
18.381
18.7128
19.0241
19.3043
19.5394
19.7403
19.9131
20.0559
20.1605
20.2406
20.297
20.3473
20.4048
20.457
20.523
20.5977
20.7085
20.819
20.9251
21.014
21.1074
21.1983
21.2899
21.3882
21.4669
21.5382
21.6009
21.6722
21.7334
21.784
21.8209
21.8655
21.936
22.0324
22.1228
22.2043
22.2862
22.384
22.4852
22.6031
22.727
22.8711
23.0327
23.2107
23.3713
23.512
23.6491
23.7612
23.8574
23.9126
23.9516
24.0071
24.0508
24.0681
24.0916
24.1284
24.1594
24.1599
24.1228
24.0516
23.9834
23.9426
23.9312
23.9451
23.9675
24.0092
24.0759
24.1405
24.1897
24.2371
24.288
24.3252
24.3809
24.4723
24.5772
24.6848
24.8295
24.9809
25.124
25.2464
25.3498
25.4314
25.5057
25.5652
25.6234
25.6878
25.7647
25.8401
25.905
25.9565
26.028
26.1176
26.2136
26.3123
26.4155
26.5118
26.6012
26.6862
26.7652
26.8504
26.917
26.9701
27.0298
27.077
27.1049
27.1342
27.1641
27.1863
27.2046
27.2312
27.2559
27.2803
27.3075
27.339
27.3836
27.4594
27.541
27.6323
27.7232
27.8156
27.9044
27.9938
28.0828
28.1709
28.2648
28.3645
28.4642
28.5516
28.6322
28.7133
28.7899
28.855
28.9117
28.9634
28.9955
29.0113
29.0198
29.0145
28.9954
28.9731
28.9511
28.9261
28.8869
28.8421
28.7991
28.7609
28.7052
28.6449
28.581
28.5301
28.4945
28.4547
28.4494
28.474
28.4964
28.5175
28.5227
28.5281
28.5276
28.5384
28.5428
28.521
28.4866
28.448
28.4204
28.4106
28.4134
28.4142
28.4095
28.3905
28.3673
28.3627
28.3733
28.3967
28.4001
28.3962
28.3875
28.3836
28.3887
28.3989
28.4033
28.4031
28.3914
28.3778
28.3759
28.3854
28.4002
28.4254
28.4332
28.425
28.4317
28.4621
28.5098
28.5711
28.6399
28.7176
28.8032
28.876
28.9421
28.9924
29.0397
29.0898
29.1283
29.1697
29.2075
29.2332
29.2529
29.2605
29.2803
29.3031
29.3283
29.3556
29.3771
29.4003
29.4213
29.4212
29.4106
29.3983
29.3891
29.3808
29.3656
29.3556
29.3442
29.325
29.2885
29.2407
29.188
29.1595
29.1348
29.0988
29.059
29.0411
29.0313
29.0404
29.0485
29.0749
29.126
29.1918
29.2626
29.3206
29.3689
29.4144
29.4621
29.5375
29.6139
29.6889
29.7471
29.7794
29.7895
29.7853
29.7729
29.7547
29.7492
29.7612
29.7833
29.8073
29.8286
29.8642
29.9075
29.9517
29.9932
30.0308
30.0667
30.0944
30.123
30.1698
30.2142
30.2538
30.282
30.2979
30.2963
30.2917
30.2784
30.2708
30.2593
30.2512
30.2354
30.204
30.1626
30.1059
30.0453
29.9863
29.9238
29.8577
29.7882
29.7264
29.6712
29.628
29.6046
29.6053
29.6075
29.6074
29.6001
29.6075
29.621
29.6498
29.6794
29.7151
29.7631
29.8177
29.8872
29.9561
30.0062
30.0457
30.1001
30.1481
30.1996
30.2697
30.337
30.3982
30.45
30.4885
30.5218
30.5612
30.6041
30.6391
30.6707
30.7054
30.7315
30.7689
30.8067
30.8472
30.8797
30.9078
30.9281
30.9341
30.9253
30.8957
30.8552
30.8037
30.7614
30.717
30.6683
30.6203
30.5804
30.542
30.5044
30.4721
30.4213
30.3563
30.2927
30.2285
30.1733
30.1107
30.0422
29.9937
29.9654
29.9578
29.9594
29.9514
29.9469
29.9167
29.8951
29.8679
29.8353
29.7968
29.7567
29.7094
29.6618
29.6002
29.5446
29.4829
29.4049
29.3204
29.2328
29.1376
29.0331
28.9154
28.7884
28.6709
28.5861
28.5246
28.4724
28.4438
28.4289
28.4207
28.4111
28.4042
28.4109
28.4314
28.4451
28.4707
28.5512
28.6572
28.7758
28.8891
28.9846
29.0734
29.1552
29.2329
29.3165
29.3952
29.4688
29.5484
29.6191
29.6962
29.7624
29.8136
29.8575
29.8953
29.9395
30.0193
30.114
30.2074
30.2925
30.3688
30.4445
30.5235
30.6057
30.6936
30.7708
30.8518
30.9169
30.9703
31.0064
31.0374
31.086
31.1346
31.1883
31.2369
31.2884
31.3402
31.4038
31.4602
31.5132
31.556
31.6024
31.6568
31.7247
31.7974
31.8618
31.9243
31.9695
32.0085
32.0387
32.0738
32.1141
32.1503
32.2005
32.2494
32.2986
32.3519
32.4003
32.4558
32.5062
32.5392
32.5575
32.5644
32.5613
32.5448
32.5332
32.5226
32.5266
32.5411
32.554
32.5773
32.6028
32.6213
32.6212
32.6304
32.6432
32.6532
32.6538
32.663
32.662
32.6629
32.6672
32.6622
32.6563
32.6548
32.665
32.6758
32.6726
32.6763
32.6801
32.6747
32.6702
32.6787
32.6996
32.7176
32.7173
32.7037
32.6816
32.6653
32.6554
32.6345
32.6265
32.6224
32.6124
32.5914
32.5621
32.5295
32.5064
32.4893
32.4709
32.4376
32.3971
32.3476
32.2937
32.2255
32.1504
32.0689
31.9922
31.9128
31.8464
31.8007
31.7662
31.7383
31.7192
31.709
31.723
31.7357
31.7525
31.7762
31.7974
31.8211
31.8392
31.8431
31.8399
31.8237
31.8026
31.7678
31.7219
31.6666
31.6
31.5474
31.504
31.4645
31.424
31.3936
31.3476
31.2903
31.2335
31.1855
31.127
31.0794
31.0294
30.9807
30.9245
30.866
30.8235
30.8079
30.8094
30.8132
30.816
30.8307
30.8523
30.883
30.9183
30.9529
30.9847
31.0087
31.0348
31.0621
31.094
31.1409
31.2149
31.2896
31.359
31.4543
31.5568
31.6555
31.7478
31.8534
31.962
32.057
32.146
32.2276
32.3023
32.3833
32.4649
32.535
32.6077
32.6639
32.7127
32.7517
32.7815
32.8131
32.8328
32.8328
