16.1018
16.1017
16.1018
16.1017
16.1019
16.1039
16.1095
16.1133
16.1162
16.1189
16.1214
16.1225
16.1204
16.1172
16.1139
16.1097
16.105
16.1018
16.099
16.0963
16.0936
16.0908
16.0881
16.0856
16.0822
16.0785
16.0758
16.0736
16.0716
16.0696
16.0672
16.0645
16.0617
16.0593
16.058
16.0579
16.0587
16.0606
16.0636
16.0672
16.0715
16.0766
16.0813
16.0859
16.0905
16.0956
16.1013
16.108
16.1151
16.1219
16.128
16.1331
16.1376
16.1415
16.1453
16.1481
16.1506
16.1528
16.1547
16.1563
16.1586
16.1605
16.1628
16.1652
16.1681
16.1707
16.1732
16.1756
16.1775
16.179
16.1801
16.1816
16.1832
16.1846
16.1861
16.1877
16.1896
16.1915
16.1935
16.1949
16.1962
16.1972
16.1981
16.1985
16.198
16.1975
16.1974
16.1965
16.1945
16.1926
16.1911
16.1897
16.1886
16.1879
16.1872
16.1869
16.1864
16.1858
16.1851
16.1844
16.1829
16.1813
16.1797
16.1782
16.1768
16.1758
16.1749
16.1743
16.1742
16.1741
16.1737
16.1735
16.1731
16.1725
16.1721
16.1719
16.1719
16.1717
16.1715
16.1709
16.1701
16.1693
16.1687
16.1678
16.1673
16.167
16.1666
16.1663
16.1662
16.1659
16.1653
16.1647
16.1644
16.1642
16.164
16.1636
16.1634
16.1639
16.1641
16.1644
16.1644
16.1644
16.1645
16.1647
16.1648
16.165
16.1654
16.1656
16.166
16.1665
16.1671
16.1675
16.1675
16.1674
16.1673
16.1675
16.1678
16.1681
16.168
16.1677
16.167
16.1659
16.1648
16.163
16.1615
16.1598
16.1578
16.1557
16.1539
16.1526
16.152
16.151
16.1499
16.1491
16.1488
16.1486
16.1482
16.1479
16.1477
16.1476
16.1474
16.1473
16.1469
16.1464
16.1465
16.1471
16.148
16.1485
16.1488
16.1493
16.1495
16.1498
16.15
16.1502
16.1509
16.1516
16.1524
16.1523
16.1521
16.1521
16.1527
16.1537
16.1551
16.1571
16.1598
16.163
16.1665
16.1688
16.171
16.1728
16.1734
16.1728
16.1716
16.1704
16.1687
16.1662
16.163
16.1596
16.1558
16.1522
16.148
16.1443
16.1411
16.1378
16.1347
16.1316
16.1288
16.1262
16.1234
16.1211
16.1186
16.1163
16.1139
16.1112
16.1085
16.1057
16.1034
16.1013
16.0996
16.0977
16.0966
16.0954
16.0944
16.0935
16.0926
16.0922
16.0914
16.0911
16.0909
16.0908
16.0911
16.0914
16.092
16.0924
16.0931
16.0935
16.0938
16.0941
16.095
16.0961
16.0973
16.0983
16.0996
16.1008
16.1015
16.1023
16.1034
16.1037
16.104
16.1044
16.1048
16.1056
16.1064
16.1075
16.109
16.1109
16.1131
16.1154
16.1174
16.12
16.1227
16.1254
16.128
16.1306
16.1336
16.1362
16.1389
16.1411
16.1432
16.1447
16.1463
16.1478
16.1491
16.1502
16.1517
16.1533
16.1548
16.1564
16.1579
16.159
16.1592
16.1595
16.1592
16.1574
16.1555
16.1536
16.1519
16.1499
16.1481
16.1465
16.1453
16.144
16.1432
16.1422
16.1416
16.1413
16.1408
16.1404
16.1395
16.1389
16.1378
16.1367
16.1353
16.1339
16.1326
16.1314
16.1297
16.128
16.1262
16.124
16.1218
16.1192
16.1158
16.1129
16.1098
16.107
16.1043
16.1019
16.0993
16.097
16.0945
16.0919
16.0896
16.0872
16.0845
16.082
16.0799
16.0781
16.0763
16.0747
16.0733
16.0714
16.0696
16.0674
16.0655
16.0629
16.0606
16.0579
16.0553
16.0533
16.0512
16.0492
16.0471
16.045
16.0427
16.0403
16.0382
16.0358
16.0333
16.0307
16.0278
16.0256
16.0234
16.0211
16.0191
16.0174
16.016
16.0143
16.0131
16.0114
16.0103
16.0089
16.0071
16.0056
16.0033
16.0009
15.9996
15.9985
15.9965
15.9945
15.9924
15.9895
15.9861
15.9824
15.9795
15.976
15.9726
15.97
15.9673
15.9648
15.9622
15.9602
15.9588
15.9574
15.9557
15.9545
15.9535
15.9529
15.9526
15.9527
15.9531
15.9536
15.9547
15.956
15.9578
15.9596
15.961
15.963
15.9655
15.9676
15.97
15.9726
15.9749
15.9776
15.9803
15.9829
15.9853
15.9885
15.9911
15.9936
15.996
15.9984
16.0006
16.0027
16.0052
16.0072
16.0095
16.0116
16.0137
16.0158
16.0181
16.02
16.0216
16.0227
16.0238
16.0246
16.0256
16.0262
16.0274
16.0287
16.0301
16.0316
16.0333
16.0351
16.0369
16.0383
16.0397
16.0412
16.043
16.045
16.0467
16.0492
16.0511
16.0529
16.0548
16.0571
16.0593
16.0618
16.0645
16.0672
16.0697
16.0721
16.0744
16.076
16.0775
16.079
16.08
16.0815
16.0834
16.0853
16.0869
16.088
16.0895
16.0908
16.0927
16.0946
16.0964
16.0981
16.1006
16.1027
16.1046
16.1064
16.1083
16.11
16.1119
16.1138
16.1158
16.1176
16.1198
16.1219
16.1233
16.1252
16.1266
16.1282
16.1298
16.1315
16.1336
16.1358
16.138
16.1405
16.1429
16.1456
16.1488
16.152
16.1552
16.1581
16.1609
16.1639
16.167
16.1698
16.1725
16.1748
16.1765
16.1787
16.1809
16.1831
16.1852
16.1872
16.1892
16.1913
16.1933
16.1957
16.1977
16.2001
16.2021
16.2044
16.2066
16.209
16.2119
16.2148
16.2174
16.2197
16.2221
16.2244
16.2271
16.2295
16.2316
16.2342
16.237
16.2409
16.2447
16.2484
16.252
16.2558
16.2606
16.266
16.2712
16.2763
16.2813
16.2863
16.2915
16.2961
16.3009
16.3055
16.3109
16.3156
16.3208
16.3259
16.3309
16.3361
16.3413
16.3466
16.3522
16.3573
16.3628
16.3678
16.3731
16.3779
16.3826
16.3873
16.3923
16.3973
16.4029
16.4088
16.4149
16.4207
16.4266
16.4324
16.438
16.4437
16.4489
16.4479
16.4535
16.4535
