180
180
180
161.864
138.33
121.346
109.162
101.989
99.3568
99.4968
100.767
102.583
104.446
106.198
107.855
109.463
110.951
112.274
113.374
114.306
115.102
115.756
116.233
116.597
116.852
117.08
117.34
117.575
117.873
118.208
118.704
119.197
119.669
120.063
120.476
120.877
121.28
121.712
122.056
122.368
122.641
122.951
123.217
123.437
123.597
123.79
124.095
124.511
124.9
125.251
125.602
126.021
126.453
126.956
127.484
128.096
128.78
129.532
130.209
130.801
131.377
131.848
132.251
132.482
132.646
132.878
133.061
133.134
133.232
133.386
133.516
133.518
133.363
133.065
132.779
132.608
132.56
132.619
132.712
132.887
133.166
133.437
133.643
133.841
134.054
134.21
134.443
134.825
135.263
135.713
136.319
136.952
137.552
138.065
138.499
138.842
139.155
139.405
139.65
139.922
140.247
140.565
140.84
141.058
141.362
141.742
142.151
142.573
143.014
143.428
143.813
144.18
144.522
144.892
145.182
145.413
145.675
145.881
146.004
146.133
146.264
146.362
146.443
146.561
146.67
146.778
146.898
147.038
147.237
147.575
147.94
148.352
148.763
149.184
149.59
150.002
150.415
150.826
151.267
151.74
152.216
152.637
153.029
153.426
153.804
154.128
154.412
154.673
154.836
154.916
154.959
154.932
154.835
154.722
154.611
154.485
154.288
154.064
153.85
153.661
153.386
153.091
152.78
152.533
152.362
152.17
152.145
152.263
152.371
152.473
152.498
152.524
152.521
152.573
152.595
152.489
152.324
152.138
152.006
151.959
151.973
151.977
151.954
151.863
151.753
151.731
151.781
151.893
151.909
151.891
151.849
151.831
151.855
151.904
151.925
151.924
151.868
151.803
151.794
151.839
151.91
152.03
152.067
152.028
152.06
152.206
152.435
152.732
153.066
153.447
153.87
154.233
154.565
154.82
155.061
155.317
155.515
155.73
155.926
156.061
156.164
156.204
156.308
156.429
156.562
156.707
156.822
156.946
157.059
157.059
157.002
156.936
156.886
156.842
156.761
156.707
156.647
156.545
156.351
156.1
155.825
155.677
155.549
155.363
155.159
155.068
155.018
155.064
155.106
155.241
155.504
155.845
156.215
156.521
156.778
157.022
157.279
157.69
158.112
158.532
158.861
159.046
159.104
159.08
159.009
158.905
158.873
158.942
159.068
159.206
159.329
159.536
159.789
160.051
160.298
160.524
160.742
160.912
161.088
161.379
161.658
161.91
162.091
162.194
162.184
162.154
162.068
162.019
161.945
161.893
161.793
161.594
161.334
160.982
160.612
160.257
159.885
159.498
159.096
158.744
158.432
158.191
158.061
158.064
158.077
158.076
158.036
158.077
158.152
158.312
158.478
158.68
158.953
159.266
159.67
160.077
160.376
160.615
160.947
161.243
161.566
162.012
162.449
162.853
163.202
163.465
163.695
163.971
164.276
164.528
164.759
165.016
165.212
165.496
165.789
166.108
166.369
166.598
166.766
166.816
166.742
166.499
166.172
165.765
165.439
165.103
164.741
164.392
164.107
163.836
163.574
163.352
163.008
162.575
162.16
161.749
161.401
161.012
160.593
160.301
160.132
160.087
160.096
160.049
160.022
159.843
159.716
159.557
159.368
159.146
158.916
158.647
158.38
158.036
157.729
157.392
156.971
156.52
156.059
155.563
155.027
154.431
153.797
153.218
152.805
152.507
152.255
152.118
152.047
152.008
151.962
151.929
151.961
152.059
152.124
152.247
152.635
153.151
153.734
154.299
154.78
155.233
155.655
156.059
156.499
156.919
157.316
157.75
158.141
158.573
158.949
159.242
159.497
159.718
159.978
160.455
161.032
161.615
162.159
162.658
163.165
163.707
164.287
164.928
165.511
166.145
166.673
167.12
167.431
167.703
168.141
168.594
169.114
169.606
170.151
170.73
171.49
172.223
172.978
173.651
174.469
175.613
177.732
180
180
180
180
180
180
180
180
180
180
180
180
180
180
180
180
180
180
180
180
180
180
180
180
180
180
180
180
180
180
180
180
180
180
180
180
180
180
180
180
180
180
180
180
180
180
180
180
180
180
180
180
180
180
180
180
180
180
180
180
180
180
180
180
180
180
180
180
180
180
180
180
180
180
180
180
180
180
178.475
177.494
177.102
177.656
178.307
180
180
180
180
180
180
180
180
180
180
177.608
175.852
174.424
173.51
172.842
172.282
171.746
171.364
170.815
170.172
169.57
169.086
168.522
168.08
167.632
167.209
166.736
166.258
165.92
165.798
165.81
165.84
165.862
165.977
166.149
166.396
166.684
166.973
167.243
167.451
167.68
167.924
168.214
168.654
169.38
170.164
170.948
172.144
173.664
175.582
179.399
180
180
180
180
180
180
180
180
180
180
180
180
180
180
180
180
180
